name: value_prediction_env
channels:
  - anaconda
  - conda-forge
  - defaults
dependencies:
  - _py-xgboost-mutex=2.0=cpu_0
  - libxgboost=0.72=0
  - py-xgboost=0.72=py36h6538335_0
  - scikit-learn=0.19.1=py36h53aea1b_0
  - absl-py=0.2.2=py_0
  - astor=0.6.2=py_0
  - bleach=1.5.0=py36_0
  - ca-certificates=2018.4.16=0
  - certifi=2018.4.16=py36_0
  - cycler=0.10.0=py_1
  - freetype=2.8.1=vc14_0
  - gast=0.2.0=py_0
  - h5py=2.8.0=py36hb24199d_1
  - hdf5=1.10.2=vc14_0
  - html5lib=0.9999999=py36_0
  - icu=58.2=vc14_0
  - jpeg=9b=vc14_2
  - keras=2.1.6=py36_0
  - kiwisolver=1.0.1=py36_1
  - libgpuarray=0.7.6=vc14_0
  - libpng=1.6.34=vc14_0
  - libprotobuf=3.5.2=vc14_0
  - mako=1.0.7=py_1
  - markdown=2.6.11=py_0
  - markupsafe=1.0=py36_0
  - matplotlib=2.2.2=py36_1
  - mkl_fft=1.0.2=py36_0
  - mkl_random=1.0.1=py36_0
  - openssl=1.0.2o=vc14_0
  - pandas=0.23.3=py36_0
  - patsy=0.5.0=py_1
  - pip=9.0.3=py36_0
  - protobuf=3.5.2=py36_vc14_0
  - pygpu=0.7.6=py36_0
  - pyparsing=2.2.0=py_1
  - pyqt=5.6.0=py36h764d66f_6
  - pyreadline=2.1=py36_0
  - python=3.6.5=1
  - python-dateutil=2.7.3=py_0
  - pytz=2018.5=py_0
  - pyyaml=3.12=py36_1
  - qt=5.6.2=vc14_1
  - seaborn=0.8.1=py_1
  - setuptools=40.0.0=py36_0
  - sip=4.18=py36_1
  - six=1.11.0=py36_1
  - statsmodels=0.9.0=py36_0
  - tensorboard=1.8.0=py36_1
  - tensorflow=1.8.0=py36_1
  - termcolor=1.1.0=py_2
  - theano=1.0.2=py36_0
  - tornado=5.1=py36_0
  - vc=14=0
  - vs2015_runtime=14.0.25420=0
  - webencodings=0.5.1=py36_0
  - werkzeug=0.14.1=py_0
  - wheel=0.31.1=py36_0
  - wincertstore=0.2=py36_1
  - yaml=0.1.7=vc14_0
  - zlib=1.2.11=vc14_0
  - grpcio=1.12.1=py36h1a1b453_0
  - icc_rt=2017.0.4=h97af966_0
  - intel-openmp=2018.0.3=0
  - m2w64-gcc-libgfortran=5.3.0=6
  - m2w64-gcc-libs=5.3.0=7
  - m2w64-gcc-libs-core=5.3.0=7
  - m2w64-gmp=6.1.0=2
  - m2w64-libwinpthread-git=5.0.0.4634.697f757=2
  - mkl=2018.0.3=1
  - msys2-conda-epoch=20160418=1
  - numpy=1.14.3=py36h9fa60d3_2
  - numpy-base=1.14.3=py36h5c71026_0
  - scipy=1.1.0=py36h672f292_0
  - pip:
    - flake8==3.5.0
    - pew==1.1.2
    - pipenv==9.0.3
    - psutil==5.3.1
    - tensorflow-gpu==1.9.0
    - virtualenv==15.1.0
    - virtualenv-clone==0.2.6
